...
3|1000|2000|500|TIMESTAMP_DESCENDING
3|1000|2000|1|TIMESTAMP_DESCENDING
3|1100|1500|500|TIMESTAMP_DESCENDING
3|1099|1501|500|TIMESTAMP_DESCENDING
3|1101|1499|500|TIMESTAMP_DESCENDING
